583656387
1325800193
100001094332330
769898783
100004938994781
100002759086254
533165930
100001611802683
100003908287856
100001440946458
100014543164107
100000122499282
1813587094
100004079930942
1708006343
100001094332330
100000496835384
100008636402885
100004091115202
100000653958513
1789408808
100004381350646
100006884297088
100012185704568
100032896794056
100028605732298
100001830457993
100007018422957
100005025181615
100004856299111
100039609120924
100005015173893
100033775192788
100065600460163
100006090065146
100016577951327
100024845235382
100005169001744
100029052012902
100022562201543
100014953063849
100003657117312
100012459483950
100005145452915
100033946246823
100006493369649
100007554886636
100003744642156
100010593607444
100004802014819